0000000000000000
0000000000000000
0000000000000000
0000000000000000
0000000000000000
0000000000000000
0000000000000000
0000000000000000
0000000000000000
0000000000000000
0000000000000000
0000000000000000
0000000000000000
0000000000000000
0000000000000000
0000000000000000
0000033003000000
0033300003000000
0000300030000000
3333333333333330
0000300030000000
0000300000000000
0000030030000000
0030030030300000
0030030030030000
0030030030000000
3333330030000030
0030030030000030
0030033333333330
0030030030000000
0000030030000000
0000000000000000
0000030000000030
0000300000033300
0003303003000000
0030303003000000
3300303003033330
0300303003000030
0300303003000030
0300303003300030
0303303003030030
0330303003000030
0000303003000030
0000303003003330
0000333333030000
0000000000003000
0000000000000330
0000000000000000
0000000000000000
0000000000000000
0030000000000300
0030000000000300
0030000000003000
0030000000003000
0030000000330000
0030033333000000
0030000000000000
0030003000000000
0030030000000000
0030300000000000
0033000000000000
0000000000000000
0000000000000000
0000000000000000
0000000000000000
0000000000000000
0000300000000300
0000300000003000
0000300000330000
0000300333000000
0333333000000000
0000300000003000
0000300000003000
0000300000000300
0000300000000300
0000300000333000
0000333333000000
0000000000000000
0000000000000000
0000000000000000
0000000000000000
0000000000000000
0030000000000300
0003000000000300
0000300000003000
0000000000003000
0000000000030000
0000000000300000
0000000003000000
0000000030000000
0000000300000000
0000003000000000
0000330000000000
0000000000000000
0000000000000000
0000000000000000
0000000000000000
0000000000000000
0000300000000000
0000300000000000
0333333300000000
0000300000000000
0000300000000300
0000300000000300
0000300000003000
0000300000330000
0333333333000000
0000300000000000
0000300000000000
0000000000000000
0000000000000000
0000000000000000
0000000000000000
0000000000000000
0000000000000300
0030000000000300
0030000000003000
0030000000030000
0030000000300000
0030000003000000
0030000030000000
0030000303000000
0030033000300000
0033300000030000
0000000000003300
0000000000000000
0000000000000000
0000000000000000
0000000000000000
0010000000000000
0010000000000000
0111111111111100
0000000000000000
0000000000000000
0000000000000000
0000000000000000
0001100000110000
0010000000001000
0100000100000100
0100000100000100
0010001010001000
0001110001110000
0000000000000000
0000000000000000
0000000100000000
0000000100000000
0000000100000000
0111110100110000
0100010111100000
0100010100100000
0100010100100000
0100010100100000
0100010100100010
0100010100100010
0100010100100010
0111110100100010
0000000100100100
0000000100111000
0000000100000000
0000000000000000
0000000000000000
0000000000000000
0000000000000000
0000000000000000
0000000000000000
0000000000000000
0000000000000000
0000000000000000
0000000000000000
0000000000000000
0000000000000000
0000000000000000
0000000000000000
0000000000000000
0000000000000000
0000000000000000
0000000000000000
0000000000000000
0000000000000000
0000000000000000
0000000000000000
0000000000000000
0000000000000000
0000000000000000
0000000000000000
0000000000000000
0000000000000000
0000000000000000
0000000000000000
0000000000000000
0000000000000000
0000000000000000
0000000000000000
0000000000000000
0000000000000000
0000000000000000
0000000000000000
0000000000000000
0000000000000000
0000000000000000
0000000000000000
0000000000000000
0000000000000000
0000000000000000
0000000000000000
0000000000000000
0000000000000000
0000000000000000
0000000000000000
0000000000000000
0000000000000000
0000000000000000
0000000000000000
0000000000000000
0000000000000000
0000000000000000
0000000000000000
0000000000000000
0000000000000000
0000000000000000
0000000000000000
0000000000000000
0000000000000000
0000000000000000
0000000000000000
0000000000000000
0000000000000000
0000000000000000
0000000000000000
0000000000000000
0000000000000000
0000000000000000
0000000000000000
0000000000000000
0000000000000000
0000000000000000
0000000000000000
0000000000000000
0000000000000000
0000000000000000
0000000000000000
0000000000000000
0000000000000000
0000000000000000
0000000000000000
0000000000000000
0000000000000000
0000000000000000
0000000000000000
0000000000000000
0000000000000000
0000000000000000
0000000000000000
0000000000000000
0000000000000000
0000000000000000
0000000000000000
0000000000000000
0000000000000000
0000000000000000
0000000000000000
0000000000000000
0000000000000000
0000000000000000
0000000000000000
0000000000000000
0000000000000000
0000000000000000
0000000000000000
0000000000000000
0000000000000000
0000000000000000
0000000000000000
0000000000000000
0000000000000000
0000000000000000
0000000000000000
0000000000000000
0000000000000000
0000000000000000
0000000000000000
0000000000000000
0000000000000000
0000000000000000
0000000000000000
0000000000000000
0000000000000000
0000000000000000
0000000000000000
0000000000000000
0000000000000000
0000000000000000
0000000000000000
0000000000000000
0000000000000000
0000000000000000
0000000000000000
0000000000000000
0000000000000000
0000000000000000
0000000000000000
0000000000000000
0000000000000000
0000000000000000
0000000000000000
0000000000000000
0000000000000000
0000000000000000
0000000000000000
0000000000000000
0000000000000000
0000000000000000
0000000000000000
0000000000000000
0000000000000000
0000000000000000
0000000000000000
0000000000000000
0000000000000000
0000000000000000