0000000000000000
0000000200000000
0000002220000000
0000022222000000
0000222222200000
0002222222220000
0022222222222000
0222222222222200
0000022222000000
0000022222000000
0000022222000000
0000022222000000
0000022222000000
0000022222000000
0000022222000000
0000000000000000
0003003030003000
0003333030330000
0333003333333330
0003333030300000
0003003030030000
0000000000003330
0033333333330000
0030030000000000
0030030000000000
0300033333333330
0300030000000000
0000333330000000
0000000000000000
0333333333333330
0000333300000030
0030000030000300
0030000030033000
0333333333300000
0030000030033000
0033333330000300
0000000030000030
0300030000000030
0030033333333300
0000000000000030
0030333330003030
0030300030030030
0030300030300030
0333333333333330
0030300030300030
0030300030030030
0030333330003030
0000000000000000
0030003000003300
0003000300330000
0000030003000000
0000030033330000
0033333330030000
0000030030030300
0000030033333000
0003333333330000
0003003003000300
0003333333333300
0000000000000000
0003003333333300
0003003003000300
0003333330000300
0003003000000300
0003333330000300
0003003003000300
0003003333333300
0000000000000000
0000000303033000
0000003033000000
0000030303333300
0000000033030000
0000030000000300
0000033030030300
0000030300333300
0000033030030300
0000000000000000
0000000033333300
0000000030300300
0000033333333300
0000000030300300
0000000033333300
0000000000000000
0000000300000300
0003000300003000
0000300333330000
0000000000033000
0000000000303000
0003333333000300
0003003000000300
0003003333330300
0030003000000300
0000000000000000
0000030000003300
0030003000330000
0003000003000000
0000000000003000
0003000000003000
0003000000003000
0003333333333000
0003000000003000
0003000000003000
0000000000000000
0000030300030300
0000300300300300
0033333333033000
0003030303030000
0003333303300000
0003030300030000
0003333303330000
0003030303030000
0003333333333300
0003030303030000
0000030303030000
0000000000000000
0000000030000000
0003000030000000
0003000030000000
0003000030000300
0003003333333300
0003030030000000
0003300030000000
0003000030000000
0000000030000000
0000003000003000
0000003030030300
0000003030030300
0000033333333300
0000003030030000
0000003000003000
0000000000000000
0000003000000000
0000003003330000
0000003030003000
0000003300000300
0000003033000300
0000003000000000
0000003033000000
0000000000000000
0000000000300000
0000030003000000
0000300033333300
0033030303000300
0003003003000300
0003003003000300
0003030303000300
0003300033333300
0000000003000000
0000000000300000
0000000000000000
0000000300000000
0000033333333300
0033300330000000
0003000300000000
0003033303000000
0003030303000300
0033030303333300
0003030303000000
0003033303000000
0003000300000000
0000000330000000
0000000000000000
0000000000000000
0000000000000000
0000000000000000
0000000000000000
0000000000000000
0000000000000000
0000000000000000
0000000000000000
0000000000000000
0000000000000000
0000000000000000
0000000000000000
0000000000000000
0000000000000000
0000000000000000
0000000000000000
0000000000000000
0000000000000000
0020000000000000
0020000000000000
0222222222222200
0000000000000000
0000000000000000
0000000000000000
0000000000000000
0000000000000000
0020000000000000
0020000000000000
0222222222222200
0000000000000000
0000000000000000
0000000000000000
0000000000000000
0000000000000000
0000000000000000
0000000000000000
0000000000000000
0000000000000000
0000022000022000
0000022000022000
0000000000000000
0000000000000000
0000000000000000
0000000000000000
0000000000000000
0000000000000000
0000000000000000
0002200000002200
0020000000020200
0200000002200200
0200000020000200
0020002200000200
0002220000000200
0000000000000000
0000000000000000
0002222222220000
0020000000002000
0200000000000200
0200000000000200
0020000000002000
0002222222220000
0000000000000000
0000000000000000
0000000000000000
0000000000000000
0000000000000000
0000000000000000
0000000000000000
0000000000000000
0000000000000000
0000000000000000
0000000000000000
0000000000000000
0000000000000000
0000000000000000
0000000000000000
0000000000000000
0000000000000000
0000000000000000
0001000111000010
0001111001000100
1111000001011000
0001000000100000
0001000011010000
0001111100001000
0000000000000000
0111111111111110
0100010001000010
0100010001000010
0100010001000010
0111110001111110
0100010001000010
0100011111000010
0100000000000010
0000000000000000
0000000000000000
0000000000000000
0000000000000000
0000000000000000
0000000000000000
0000000000000000
0000000000000000
0000000000000000
0000000000000000
0000000000000000
0000000000000000
0000000000000000
0000000000000000
0000000000000000
0000000000000000
0000000000000000
0000000000000010
0111110011111110
0100010000000010
0100011111111100
0100010010000100
0111110010000100
0000010001000000
0000100001000000
0001000010111110
1110110100100010
0010001000100010
0010001000100010
0010110100100010
0011000010111110
0000000001000000
0000000000000000
0000000000000000
0000000000000000
0000000000000000
0000000000000000
0000000000000000
0000000000000000
0000000000000000
0000000000000000
0000000000000000
0000000000000000
0000000000000000
0000000000000000
0000000000000000
0000000000000000
0000000000000000
0000000000000000
0000000000000000
0000000000000000
0000000000000000
0000000000000000
0000000000000000
0000000000000000
0000000000000000
0000000000000000
0000000000000000
0000000000000000
0000000000000000
0000000000000000
0000000000000000
0000000000000000
0000000000000000
0000000000000000