triangle 4 is A-SEAT
0000100000000100000000100000100000101001000000010000000010000000
0001010000001100010011110011111100010101000011111100011111100000
0001010000010100010000100000100000111001000010101000010101000000
0010001000010100010000100001111100010101000011010100011111100000
0010001000100100010011100010100100111001100010111000010010000000
0100000100111110010010110000111100110111000010010000011111100000
0111111100000100000011100000100100010001000101111100101010100000
0000000000000000000000000000000000000000000000000000000000000000
0001111100000000111110001111100011111001111110000000000000000000
0001001000000001000000010000000010010000010000000000000000000000
0010001000000001000000010000000100010000010000000000000000000000
0011111001111000111000011111000111110000100000000000000000000000
0100010000000000000100100000001000100000100000000000000000000000
0100010000000000000100100000001000100001000000000000000000000000
0100010000000011111000111110001000100001000000000000000000000000
0000000000000000000000000000000000000000000000000000000000000000