title:特急アカンサス;
00000000000000000003000000300000000030000000000000000000000000000000000000000000000000000000000000000000000000000000000000000000000000000000000000000000000000000000000000000000000000000000000000000000000000000000000000000000000000000000000000000000000000000000000000000000000000000000000000000000000000000000000000000000
00000000000000000003000000300000000033333300000000000000000000000000003000000000000000000000000000003000003000000000000000000000000100000011000000011111111100000000000000000000000000000000000000000000000000000000000000000000000000000000000000000000000000000000000000000000000000000000000000000000000000000000000000000000
00000000000000000303000333333300000300000300000000333333333330000000003000000000003000000000000000003000003000000003333333330000011100000100100000010000000100000000000000000000000000000000000000000000000000000000000000000000000000000000000000000000000000000000000000000000000000000000000000000000000000000000000000000000
00000000000000000303000000300000003000003000000000000000000030000000003000000000000300000000000000003000003000000000000000030000000100001000010000010000000100000000000000000000000000000000000000000000000000000000000000000000000000000000000000000000000000000000000000000000000000000000000000000000000000000000000000000000
00000000000000000333330000300000033333333333300000000000000300000033333333333000000030000000300000333333333330000000000000030000000100001000010000010000000100000000000000000000000000000000000000000000000000000000000000000000000000000000000000000000000000000000000000000000000000000000000000000000000000000000000000000000
00000000000000003003003333333330300000000000300000000003003000000000003000003000000000000000300000003000003000000000000000300000000100000000010000011111111100000000000000000000000000000000000000000000000000000000000000000000000000000000000000000000000000000000000000000000000000000000000000000000000000000000000000000000
00000000000000003003000000003000003333333333300000000003030000000000003000003000000000000003000000003000003000000000000000300000000100000000100000000000000000000000000000000000000000000000000000000000000000000000000000000000000000000000000000000000000000000000000000000000000000000000000000000000000000000000000000000000
00000000000000000003000000003000000000000000300000000003000000000000030000003000000000000030000000003000003000000000000003000000000100000011000011111111111111100000000000000000000000000000000000000000000000000000000000000000000000000000000000000000000000000000000000000000000000000000000000000000000000000000000000000000
00000000000000000033303333333330000000000000300000000003000000000000030000003000000000000300000000000000003000000000000030000000000100000000100000001000000000000000000000000000000000000000000000000000000000000000000000000000000000000000000000000000000000000000000000000000000000000000000000000000000000000000000000000000
00000000000000003303000000003000003333333333300000000003000000000000030000003000000000003000000000000000003000000000000303000000000100000000010000001000000000000000000000000000000000000000000000000000000000000000000000000000000000000000000000000000000000000000000000000000000000000000000000000000000000000000000000000000
00000000000000000003000300003000000000030000000000000030000000000000300000030000000000030000000000000000030000000000003000300000000100001000010000011111111111000000000000000000000000000000000000000000000000000000000000000000000000000000000000000000000000000000000000000000000000000000000000000000000000000000000000000000
00000000000000000003000030003000030030003000300000000030000000000000300000030000000000300000000000000000030000000000030000030000000100001000010000010000000001000000000000000000000000000000000000000000000000000000000000000000000000000000000000000000000000000000000000000000000000000000000000000000000000000000000000000000
00000000000000000003000000003000030030000003030000003300000000000003000330030000000033000000000000000000300000000000300000003000000100000100100000000000000001000000000000000000000000000000000000000000000000000000000000000000000000000000000000000000000000000000000000000000000000000000000000000000000000000000000000000000
00000000000000000003000000003000030030000003003000330000000000000030000003300000003300000000000000000033000000000033000000003000000100000011000000000000000010000000000000000000000000000000000000000000000000000000000000000000000000000000000000000000000000000000000000000000000000000000000000000000000000000000000000000000
00000000000000000003000000333000300033333333003000000000000000000000000000000000000000000000000000000000000000000000000000000000000000000000000000000000111100000000000000000000000000000000000000000000000000000000000000000000000000000000000000000000000000000000000000000000000000000000000000000000000000000000000000000000
00000000000000000000000000000000000000000000000000000000000000000000000000000000000000000000000000000000000000000000000000000000000000000000000000000000000000000000000000000000000000000000000000000000000000000000000000000000000000000000000000000000000000000000000000000000000000000000000000000000000000000000000000000000