title:金沢駅☆本日;
00000000000000000000000020000000000000002000000000000000200000000000000010000000000000000000000000000000000000000010000000000000000100000000000000000000000000000001000000100000000000000000000000000000000000000000000001000000000000000000000000000100000000000000000020000000000000002000000000000000200000000000000000000000
00000000000000000000000020000000000000002000000000000000200000000000000010000000000111111111100000000000000000000001001111111111000100000111111000010000000100000001000000100000001111111111111000010000000000000000000001000000000100000000000000000100000000000000000020000000000000002000000000000000200000000000000000000000
00000000000000000000000202000000000000020200000000000002020000000000000010000000000100000000100000000011111000000000101000100001011111100000000000010011111111000010010001111110000000000000010000010000000000000011111111111100000100000000000000000111100000000000000202000000000000020200000000000002020000000000000000000000
00000000000000000000000202000000000000020200000000000002020000000111111111111111000100000000100000001101000110000000000111111110000100000000000000100000000100000100010001000010000000000000100000010000000000000000000001000000000100000000000000111100000000000000000202000000000000020200000000000002020000000000000000000000
00000000000000000000002000200000000000200020000000000020002000000000000010000000000100000000100000010001000001000000000000100000011111100000000000100000000100000010100010100100000000000011000000010000000000000000000001000000000100000000000000001000000000000000002000200000000000200020000000000020002000000000000000000000
00000000000000000222222000222222022222200022222202222220002222220000000111000000000100000000100000100001000001000000000111111110010100100000000000100000000100000001000100011000000000001100000000010000000000000000000001000000000100000000000000001000011111000222222000222222022222200022222202222220002222220000000000000000
00000000000000000020000000000020002000000000002000200000000000200000001010100000000100000000100000100001000000100000000100100010011111101111111100100000000100000001000000011000000000001000000000010000000000000001111111111000000100000000000000001000000000000020000000000020002000000000002000200000000000200000000000000000
00000000000000000002000000000200000200000000020000020000000002000000001010100000000111111111100001000010000000100111000111111110010100100001000000100000000100000010000000100100000000001000000000010000000000000000000001000000000100000000000000010000000000000002000000000200000200000000020000020000000002000000000000000000
00000000000000000000200000002000000020000000200000002000000020000000010010010000000100000000100001000010000000100001000100100010011111100001000000100000000100000111110001000010000000001000000000010000000000000000000001000000000100000000000000010000000000000000200000002000000020000000200000002000000020000000000000000000
00000000000000000000020000020000000002000002000000000200000200000000100010001000000100000000100001000010000000100001000111111110000100000010000000100000000100000001000110110001000000001000000000010000000001000000000001000000000100000000010000010000000000000000020000020000000002000002000000000200000200000000000000000000
00000000000000000000020020020000000002002002000000000200200200000001000010000100000100000000100001000100000001000001000000100000000100000010010000100001111100000101010000001100000000001000000000010000000010000000111111000000000100000000100000010000100000000000020020020000000002002002000000000200200200000000000000000000
00000000000000000000200202002000000020020200200000002002020020000110011111110011000100000000100000100100000001000001001111111111011111100010001000101010000110000101010000000000000000001000000000010000000100000001000001100000000100000001000000100000100000000000200202002000000020020200200000002002020020000000000000000000
00000000000000000000202000202000000020200020200000002020002020000000000010000000000100000000100000011000000110000001000000100000000100000100001000010010000101000101000001110000000000001000000000001000011000000001000001011000000010000110000000100000100000000000202000202000000020200020200000002020002020000000000000000000
00000000000000000002220000022200000222000002220000022200000222000000000010000000000100000000100000000000011000000010110000100000000100000101110100010001111000000001000000001100000000001000000000000111100000000000111110000100000001111000000000100000011111100002220000022200000222000002220000022200000222000000000000000000
00000000000000000002000000000200000200000000020000020000000002000000000010000000000111111111100000000000000000000100001111111111000100011110000100000000000000000001000000000010000000111000000000000000000000000000000000000000000000000000000000000000000000000002000000000200000200000000020000020000000002000000000000000000
00000000000000000000000000000000000000000000000000000000000000000000000000000000000000000000000000000000000000000000000000000000000000000000000000000000000000000000000000000000000000000000000000000000000000000000000000000000000000000000000000000000000000000000000000000000000000000000000000000000000000000000000000000000