JRWest_special-rapid_tsuruga;
000000000000000000000000000000000000000000000000000000000000000000000000000000000000000000000000000000000000000000000000000000000000000000000000
003000000330030003000300000300000000000000000000000000000000000000000000000000000000000000000000000000000000000000000000000000000000000000000000
003000333000030333330030333333303000300000000000000000000000000000000000003003000000000030000000000000000000000000000000000003000000000300030000
333330300000030003030000000300000300300333033333330000000000000000030003330000303333300033333333000333333300000000000000000003333300000333333330
030300300003033003030000333333300000300303000303000000000000000000003003000000000030000330303030000000003000000000000000000030000300000300000000
030300333333033003030330300300300033333303000303000003033330003000000003000030000030003033333333300000030000003000000000000303003000003003333300
333330300303033003030030300300303000300333033333330030003030003000000003333003000030000030303030000000300003333330333333300000330000003003000300
003000300303033003030030300300300300300303030303030303000300003000333003030000000030003333333333300000300000003000000300000003003000033333333333
333330300303030333333030333333300003333303030303030030303030333330003003030000000030000030000030003333333330333300003030300030000300003300000003
003000300300030003000030000300000033003333033000330333300000303030003003030000300030000033303333300000300000003000030030300333333330003003333300
033300300300030003000030003330000303003303030000030003000300333330003030030003000030000300303030000000300000003000030000003030000303003000030000
033030300300030030300030030303000303333303030000030303303330303030003300030003000030003033033333300000300000333300030000000030000300003000030000
303003000300030030300030300300303000003003030000030303000300303030030330000030033333300030000030000000300003003030003000000030000300003000030000
003003000300030300030030000300003000030033033333330003033330333330300003333030000000003300000030000003300000333000000330000033333300003000330000
003003000300033000003303333333300000000000000000000000000000000000000000000000000000000000000000000000000000000000000000000000000000000000000000
000000000000000000000000000000000000000000000000000000000000000000000000000000000000000000000000000000000000000000000000000000000000000000000000