0123456789 (type A)
000000000000000000000000000000000000000000000000000000000000000000000000000000000000000000000000000000
000011000000000100000000110000000011000000000010000011111100000011000000111111000000110000000011000000
000100100000011100000001001000000100100000000010000010000000000100100000000001000001001000000100100000
001000010000000100000010000100001000010000000110000010000000001000010000000001000010000100001000010000
001000010000000100000010000100001000010000000110000010000000001000010000000010000010000100001000010000
001000010000000100000000000100000000010000001010000010110000001000000000000010000010000100001000010000
001000010000000100000000001000000000100000001010000011001000001011000000000010000001001000001000010000
001000010000000100000000001000000011000000010010000010000100001100100000000100000000110000000100110000
001000010000000100000000010000000000100000010010000000000100001000010000000100000001001000000011010000
001000010000000100000000100000000000010000100010000000000100001000010000000100000010000100000000010000
001000010000000100000000100000001000010000111111000000000100001000010000001000000010000100001000010000
001000010000000100000001000000001000010000000010000010000100001000010000001000000010000100001000010000
000100100000000100000010000000000100100000000010000001001000000100100000001000000001001000000100100000
000011000000000100000011111100000011000000000010000000110000000011000000001000000000110000000011000000
000000000000000000000000000000000000000000000000000000000000000000000000000000000000000000000000000000
000000000000000000000000000000000000000000000000000000000000000000000000000000000000000000000000000000