hida
000000000000000000000000000000000000100000010100
000011100001000000000000000000000000100000010100
011101000001000000000000000000000000111100000000
000010000001100000000000000000000111100000000000
000100000001100000000000000000000001000000000000
000100000001010000000000000000000001000011111000
001000000001001000000000000000000001000000000000
001000000001000000000000000000000010000000000000
001000000001000000000000000000000010000000000000
001000000001000000000000000000000010000000000000
001000000001000000000000000000000010000100000000
001000000010000000000000000000000100000100000000
000100000110000000000000000000000100000100000000
000011111000000000000000000000000100000011111100
000000000000000000000000000000000000000000000000
000000000000000000000000000000000000000000000000