via kosei, local to omi maiko
0000000000000000000000000000000000000000000000000000000000000000000000000000000000000000000000000000000000000000
0000000000000000000000000000000000000000000000000000000000000000000000000000000000000000000000000000000000000000
1000100000000000000000000000000000000000001001000000000010000000000000000000000000000000000001000000000100010000
0100100111011111110000000000000000010001110000101111100011111111000111111100000000000000000001111100000111111110
0000100101000101000000000000000000001001000000000010000110101010000000001000000000000000000010000100000100000000
0011111101000101000001011110001000000001000010000010001011111111100000010000001000000000000101001000001001111100
1000100111011111110010001010001000000001111001000010000010101010000000100001111110111111100000110000001001000100
0100100101010101010101000100001000111001010000000010001111111111100000100000001000000100000001001000011111111111
0001111101010101010010101010111110001001010000000010000010000010001111111110111100001010100010000100001100000001
0011001111011000110111100000101010001001010000100010000011101111100000100000001000010010100111111110001001111100
0101001101010000010001000100111110001010010001000010000100101010000000100000001000010000001010000101001000010000
0101111101010000010101101110101010001100010001000010001011011111100000100000111100010000000010000100001000010000
1000001001010000010101000100101010010110000010011111100010000010000000100001001010001000000010000100001000010000
1000010011011111110001011110111110100001111010000000001100000010000001100000111000000110000011111100001000110000
0000000000000000000000000000000000000000000000000000000000000000000000000000000000000000000000000000000000000000
0000000000000000000000000000000000000000000000000000000000000000000000000000000000000000000000000000000000000000