nihonkai
000000000000000000000001000000000100001000000000
001111111111000000000001000000000010001000000000
001000000001000000000001000000000001011111111110
001000000001000011111111111111000000010000000000
001000000001000000000001000000010000100000000000
001000000001000000000011100000001000001111111000
001000000001000000000101010000000100001001001000
001111111111000000000101010000000000001001001000
001000000001000000001001001000000000111111111110
001000000001000000010001000100000010001001001000
001000000001000000100001000010000010001001001000
001000000001000011001111111001100100001001001000
001000000001000000000001000000000100011111111110
001000000001000000000001000000001000010000001000
001111111111000000000001000000001000000001110000
000000000000000000000000000000000000000000000000