noto
000100000100000000000000000000000000000010000000
000100000100010000000000000000000111110010010000
001001000101100000000000000000000000010001100100
001000100110000000000000000000000100100001001000
111111010100001000000000000000000011000000110000
000000010100001000000000000000000010111111011000
000000000011111000000000000000001100000000000110
011111100000000000000000000000000000000000000000
010000100100000000000000000000000011111111111000
011111100100010000000000000000000010000000001000
010000100101100000000000000000000010000000001000
011111100110000000000000000000000011111111111000
010000100100001000000000000000000000100000100000
010000100100001000000000000000000000010001000000
010011100011111000000000000000001111111111111110
000000000000000000000000000000000000000000000000