shirasagi (3 letters width)
000000000000001100000000000001000000000001001010
010000000000000011100000000001000000000001001010
010000000000000000000000000001111000011111110000
010000000000010000000001111111000000000000100000
010000000000010000000000000001000000000000101100
010000000000010000000000000000100000111111110000
010000000000100111100000000000100000000000100000
010000000000101000010000001111100000000000010000
010000000100110000001000010000110000000111111000
010000000100100000001000100000010000001000001000
010000001000000000001000100000000000010000000000
010000010000000000010000100000000000010000000000
001000100000000000100000011000000000001000000000
000111000000000111000000000111100000000111110000
000000000000000000000000000000000000000000000000
000000000000000000000000000000000000000000000000