sunrise exp. seto izumo
00000000000000000000000000000100100010001110111111111000000001000000011111111100
01010000000000000000001000000010010010000100000000000000000001000000000001000000
01010000000001110000001011111000001111101110000000000000010001000100111111111110
01010010000000000000001000001100000010001010011111110000010001000100100001000010
11111001000000000000010000001010101111101010010000010000010001000100101101011010
01010000001011111000010000010000011010101110010000010000010001000100100001000010
01010000001000001000100000010000001010101010010000010000011111111100101101011010
01010000001000001001100000010000001010101010011111110110000001000000000000000000
01010000001000001001100000100000001111101110010000000110000001000000011111111100
00010000010000010010100000100000010010001010010000000000100001000010000000000000
00010000010000010100100001010000010111001010010000000000100001000010111111111110
00100000010000010000100001010000010110101110010000000000100001000010000100000000
00100000100000100000100010001000100110100000100000000000100001000010001000000000
01000011000001000000000010001000101010101010100000000000100001000010010000000100
00000000000000000000000000000000101010001010100000000000111111111110011111111010
00000000000000000000000000000000000000000000000000000000000000000000000000000000