thunderbird (3 letters width)
000000000000000000000000000000000000000001000100
000000000000001000010000000000000100000001000010
001010000000001000001000000000000010000001001000
001010010000001111100000000010101000000001000100
001010001000001001010000000010100100000001000000
011111000001001001000000000010100000000001000000
001010000001001001000100000010100001000001110000
001010000001010001000011110010010000111101001000
001010000001010101000000000010010000000001000000
001010000001000011000000000100010000000001000000
000010000010000001000000000100010000000001000000
000010000010000010100000000100010000000001000000
000100000010000010000000000100010000000001000000
000100000100000100000000000100010000000001000000
001000011000001000000000000000000000000000000000
000000000000000000000000000000000000000000000000