triangle 1 to 12 except 4 (5 letters width)
00000000000000000000000000000000000000000000000000000000000000000000000000000000
00000000000000000000000000000000000000000000000000000000000000000000000000000000
00000000000000000000000000000000000000000000000000000000000000000000000000000000
00000000000010000000000000000000000000000000000000000000000000000000000000000000
00000000000010000000100000000000000111000000000001111100000000000010011000000000
00000000000101000001100000000000001000100000000001000000000000000110100100000000
00000000000101000000100000000000000000100000000001000000000000000010100100000000
00000000000101000000100001100000000000100000000001011000011000000010000100000000
00000000001000100000100010010000000111000000000001100100100100000010001000000000
00000000001000100000100000001001000000100000000000000100000010010010010000000000
00000000001000100000100000000110000000100000000000000100000001100010100000000000
00000000010000010000100000000000001000100000000001000100000000000010100000000000
00000000010000010000100000000000000111000000100000111000000000000010111100000000
00000000011111110000000000000000000000000000100000000000000000000000000000000000
00000000000000000000000000000000000000000001000000000000000000000000000000000000
00000000000000000000000000000000000000000000000000000000000000000000000000000000