title:敦賀;
00000000000000000000000000000000000000000000000000000000000000000000000000000000000000000000000000000000000000000000000000000000000000000000000000000000000000000000000000000000000000000000000000000000000000000000000000000000000000000000000000100000000000000000000000000000000000000100000000000000000000000000000000000000
00000002000000000030000003300300030003000003000000000000000000000000000000000000000000000000000000000000000000000000000000000000000000000000000000000000000000000000000000000000000002000000020000000000000000000022000000220000000000000000000000100001111111100000000000000000011111000100000000000000000000000000000000000000
00000022000000000030003330000303333300303333333030003000000000000000000000000000000000000030030000000000300000000000000000000000000000000000030000000003000300000000000000000000000222000002220000000000000000000200200002002000000000000000000000100001000100000000000000000000010001000111110000000000000000000000000000000000
00000222000000003333303000000300030300000003000003003003330333333300000000000000000300033300003033333000333333330003333333000000000000000000033333000003333333300000000000000000000002000000020000000000000000002000020020000200000000000000000011111101000100000000000000000000010001001000010000000000000000000000000000000000
00002222000000000303003000030330030300003333333000003003030003030000000000000000000030030000000000300003303030300000000030000000000000000000300003000003000000000000000000000000000002000000020000000000000000002000020020000200000000000000000001000101000100000000000000000000010001010100100000000000000000000000000000000000
00022222222222200303003333330330030303303003003000333333030003030000030333300030000000030000300000300030333333333000000300000030000000000003030030000030033333000000000000000000000002000000020000000002200000000000020020000200000000000000000001000101111111000000000000000000011111100100100000000000000000000000000000000000
00222222222222203333303003030330030300303003003030003003330333333300300030300030000000033330030000300000303030300000003000033333303333333000003300000030030003000000000000000000000002000000020000000002200000000000200020000200000000000000000001000101000001000000000000000000000100000011000000000000000000000000000000000000
02222222222222200030003003030330030300303003003003003003030303030303030003000030003330030300000000300033333333333000003000000030000003000000030030000333333333330000000000000000000002000000020000000000000000000000200020000200000000000000000010000101000001000000000000000000000100000100100000000000000000000000000000000000
00222222222222203333303003030303333330303333333000033333030303030300303030303333300030030300000000300000300000300033333333303333000030303000300003000033000000030000000000000000000002000000020000000000000000000002000020000200000000000000000010001001000001000000000000000000010111001000010000000000000000000000000000000000
00022222222222200030003003000300030000300003000000330033330330003303333000003030300030030300003000300000333033333000003000000030000300303003333333300030033333000000000000000000000002000000020000000000000000000020000020000200000000000000000011101001111111000000000000000000010100110000001000000000000000000000000000000000
00002222000000000333003003000300030000300033300003030033030300000300030003003333300030300300030000300003003030300000003000000030000300000030300003030030000300000000000000000000000002000000020000000000000000000020000020000200000000000000000000010001000100000000000000000000010100001111110000000000000000000000000000000000
00000222000000000330303003000300303000300303030003033333030300000303033033303030300033000300030000300030330333333000003000003333000300000000300003000030000300000000000000000000000002000000020000000002200000000200000020000200000000000000000000101001000100000000000000000000010100001000010000000000000000000000000000000000
00000022000000003030030003000300303000303003003030000030030300000303030003003030300303300000300333333000300000300000003000030030300030000000300003000030000300000000000000000000000002000000020000000002200000002000000002002000000000000000000000100101000100000000000000000000010100001000010000000000000000000000000000000000
00000002000000000030030003000303000300300003000030000300330333333300030333303333303000033330300000000033000000300000033000003330000003300000333333000030003300000000000000000000000002000000020000000000000000002222220000220000000000000000000001000001000100000000000000000000010111001000010000000000000000000000000000000000
00000000000000000030030003000330000033033333333000000000000000000000000000000000000000000000000000000000000000000000000000000000000000000000000000000000000000000000000000000000000000000000000000000000000000000000000000000000000000000000000010000001111111100000000000000000111000001111110000000000000000000000000000000000
00000000000000000000000000000000000000000000000000000000000000000000000000000000000000000000000000000000000000000000000000000000000000000000000000000000000000000000000000000000000000000000000000000000000000000000000000000000000000000000000000000000000000000000000000000000000000000000000000000000000000000000000000000000