express
00001000000000000001000000000000
00001000000000000001001111111100
00011111111000000010000000000000
00100000010000000100000000000000
11000000100000001001000000000000
00111111111110000001000000000000
00000000000010000010011111111110
00111111111110000010000000010000
00000000000010000110000000010000
00111111111110001010000000010000
00000000000000000010000000010000
00000001000000000010000000010000
01001000100001000010000000010000
01001000000100100010000000010000
10000111111100100010000001110000
00000000000000000000000000000000