extra
00000000100000000000000000000000
11111100100000000000000001000000
10010001111111101111000001000000
10010001000000001001001111111100
10010010000000001001000001000000
11111100111111001001000001000000
10000100100001001001011111111110
10000100100001001001000000010000
10000100111111001111000000010000
11111100000000001001011111111110
10010001110111101001000000010000
10010001010100101001001000010000
10010001010100101001000100010000
11111101010100101111000000010000
00000001110111100000000001110000
00000000000000000000000000000000