local
00001000001000000100000000000000
00000100010000000010011111111000
01111111111111000001000000010000
00000100010000000000000010100000
00100100010010000000000001000000
00010100010100000000011111111100
11111111111111100000010001000100
00000000000000001110011111111100
00011111111100000010010001000100
00010000000100000010011111111100
00010000000100000010010001000100
00011111111100000010010001000100
00010000000100000010010001011100
00010000000100000101100000000000
00011111111100001000011111111110
00000000000000000000000000000000