limited-express
00010000001000000000100000000000
00010000001000000000111111000000
01010001111111000001000001000000
01010000001000000010000010000000
01111100001000000111111111111000
10010011111111101000000000001000
10010000000010000011111111111000
00010000000010000000000000001000
00111011111111100000000000001000
11010000000010000011111111111000
00010001000010000000000100000000
00010000100010000100100010001000
00010000000010000100100000010100
00010000000010000100100000010010
00010000001110001000111111110010
00000000000000000000000000000000