new-rapid (2 text width, JRWest: special-rapid)
00000000000000000000000000000000
00100000011001000100010000010000
00100011100001011111001011111110
11111010000001000101000000010000
01010010000101100101000011111110
01010011111101100101011010010010
11111010010101100101001010010010
00100010010101100101001010010010
11111010010101011111101011111110
00100010010001000100001000010000
01110010010001000100001000111000
01101010010001001010001001010100
10100100010001001010001010010010
00100100010001010001001000010000
00100100010001100000110111111110
00000000000000000000000000000000