himeji;
0010000000000000000000000000000000000000010000000000000000000000
0010000111111110000000000000000001111100010000000000000000000000
0010000100010000000000000000000001000100011111000000000000000000
1111110100010000000000000000000001000100100001000000000000000000
0100010100010000000000000000000001000101010010000000000000000000
0100010111111100000000000000000001111110010010000000000000000000
0100010100000100000000000000000000010000001100000000000000000000
1000010100000100000000000000000000010000010010000000000000000000
1000100100000100000000000000000001011100100001000000000000000000
1110100111111100000000000000000001010011000000100000000000000000
0001000100010000000000000000000001010000111111000000000000000000
0010100100010000000000000000000001010000100001000000000000000000
0010010100010000000000000000000001010000100001000000000000000000
0100000100010000000000000000000001011100100001000000000000000000
1000000111111110000000000000000011100000111111000000000000000000
0000000000000000000000000000000000000000000000000000000000000000