bansyuako
0010000000111100000100000000010000000001000000000001100000100000
0010011111000000000100001000010000000001000000001110000000100000
0010001001001000000100001000010001111111111111000010001111111110
1111100101010000000100001000010000000001000000000010000000100000
0010011111111110000100001000010000000001000000001111100111111100
0010000101010000010101001010010011111111111111100010000100100100
0010001001001000010100101001010000000100010000000011000111111100
0011110001000110010100101001010000000100010000000111000100100100
1110001111111000100100011000110001000100010010000110100100100100
0010001001001000100100001000010001000100010001001010100111111100
0010001001001000000100001000010010000100010000101010000000100000
0010001111111000001000001000010010001000010000101010001010010100
0010001001001000001000001000010000001000010000000010001010000010
0010001001001000010000000000010000010000010000000010010010001010
0110001111111000100000000000010001100001110000000010000001111000
0000000000000000000000000000000000000000000000000000000000000000