direction osaka (2 letters width)
00010000000000000000000000000000
00010000111011111000000000000000
00010000101010000000000000000000
00010000101010000000000000000000
11111110101010000000000000000000
00010000110011111000100000000000
00010000101010101000100011111110
00101000101010101011111000010000
00101000101010101000100011111110
00101000101010101000100010101010
01000100110010010000111010111010
01000100100010010000101010101010
01000100100100101001001010111010
10000010100100101001001010101010
10000010100100101010011011111110
00000000000000000000000000000000