himeji (direction osaka)
0000010000000000000000000000000000000000010000000000000000100000
0000010000001111011111110000000000000000010001111100111100100000
0000010000001001010000000000000000000000010001010000100100111110
0000010000001001010000000000000000000001111101010000100101000010
1111111111101010010000000000000000000000101001010000111111100100
0000010000001100011111100001000000000000101001111100001000100100
0000010000001010010100100001000111111100101001000100001000011000
0000101000001001010100100111110000100000101001000100001000011000
0000101000001001010100100001000111111101001001000100101000100100
0001000100001001010100100001000101010101111001000100101101000010
0001000100001001010100100001110101110101010001111100101000111100
0010000010001010010011000001010101010100010001010000101000100100
0010000010001000100011000010010101110100101001010000101000100100
0100000001001000100100100010010101010100100101010000101100100100
1000000000101001001000010100110111111101000001111101110000111100
0000000000000000000000000000000000000000000000000000000000000000