hukui
001000000000000000000000000000000000100000100000
001000111111111000000000000000000000100000100000
001000000000000000000000000000000000100000100000
111110011111110000000000000000000111111111111100
000010010000010000000000000000000000100000100000
000100010000010000000000000000000000100000100000
000100011111110000000000000000000000100000100000
001000000000000000000000000000000000100000100000
011000111111111000000000000000001111111111111110
101100100010001000000000000000000000100000100000
001010100010001000000000000000000000100000100000
001000111111111000000000000000000001000000100000
001000100010001000000000000000000001000000100000
001000100010001000000000000000000010000000100000
001000111111111000000000000000000100000000100000
000000000000000000000000000000000000000000000000