kanazawa
000000010000000000000000000000000100000000000000
000000101000000000000000000000000010001111111100
000001000100000000000000000000000001001000000100
000010000010000000000000000000000000001000000100
000100000001000000000000000000001000001000000100
001000000000100000000000000000000100001000000100
110011111110011000000000000000000010001111111100
000000010000000000000000000000000000001000100000
000000010000000000000000000000000000001000100000
011111111111110000000000000000000010001000010000
000000010000000000000000000000000010001000010000
000100010001000000000000000000000100010000001000
000010010001000000000000000000000100010000001000
000010010010000000000000000000001000100000000100
111111111111111000000000000000001001000000000010
000000000000000000000000000000000000000000000000