kyoto
000000010000000000000000000000000000100000000000
000000010000000000000000000000000000100010111110
111111111111111000000000000000000111111010100010
000000000000000000000000000000000000100100100010
000111111111000000000000000000000000101000100100
000100000001000000000000000000001111111110100100
000100000001000000000000000000000000100000101000
000100000001000000000000000000000001000000100100
000111111111000000000000000000000011111100100100
000000010000000000000000000000000110000100100010
000010010010000000000000000000001010000100100010
000100010001000000000000000000000011111100100010
001000010000100000000000000000000010000100101100
110000010000011000000000000000000010000100100000
000001110000000000000000000000000011111100100000
000000000000000000000000000000000000000000000000