osaka (direction kyoto)
0000100000000010000000000000000000000000000010000000000000000000
0000100000000010000011110000000000000000000010000001111011111111
1111111110011111110010010000000000000000000010000001001010000000
0000000000000010010010010000000000000001111111111101001010000000
0111111100000010100010100000000000000000000010000001010010000000
0100000100111111111011000001000000000000000010000001100011111111
0100000100000010000010100001000111111100000101000001010010100001
0100000100000100000010100111110000100000000101000001010010100001
0111111100001111100010010001000111111100001000100001001010100001
0000100000011000100010010001000101010100001000100001001010010010
0000100000001000100010010001110101110100001000100001001010010010
0100100100001111100011100001010101010100010000010001110010001100
0100100100001000100010000010010101110100100000001001000100001100
1000100010001000100010000010010101010100100000001001000100010010
0001100000001111100010000100110111111101000000000101001000100001
0000000000000000000000000000000000000000000000000000000000000000