osaka
000000010000000000000000000000000000000000000000
000000010000000000000000000000001111101111111110
000000010000000000000000000000001000101000000000
000000010000000000000000000000001001001000000000
111111111111111000000000000000001001001000000000
000000010000000000000000000000001010001111111100
000000101000000000000000000000001001001010000100
000000101000000000000000000000001001001010000100
000001000100000000000000000000001000101010000100
000001000100000000000000000000001000101001001000
000010000010000000000000000000001000101001001000
000100000001000000000000000000001011001000110000
001000000000100000000000000000001000010000110000
010000000000010000000000000000001000010001001000
100000000000001000000000000000001000100110000110
000000000000000000000000000000000000000000000000