sapporo
000100000100000000000000000000000010000000000000
000100000100000000000000000000000010000111111100
000100000100000000000000000000000010000100000100
111111100100000000000000000000001111100111111100
000100000100000000000000000000001010100100000100
000100000100000000000000000000001010100111111100
001110000100000000000000000000001010100000100000
001101000100000000000000000000001010100100100100
010101000100000000000000000000001010100010101000
010100100100000000000000000000001010101111111110
100100100100000000000000000000001010100010010000
100100000100001000000000000000001011100010010000
000100000100001000000000000000000010000010010010
000100000100001000000000000000000010000100010010
000100000011111000000000000000000010001000011110
000000000000000000000000000000000000000000000000