tokyo
000000010000000000000000000000000000000100000000
000000010000000000000000000000000000000100000000
111111111111111000000000000000001111111111111110
000000010000000000000000000000000000000000000000
001111111111100000000000000000000001111111110000
001000010000100000000000000000000001000000010000
001111111111100000000000000000000001000000010000
001000010000100000000000000000000001000000010000
001111111111100000000000000000000001111111110000
000000111000000000000000000000000000000100000000
000001010100000000000000000000000000100100100000
000010010010000000000000000000000001000100010000
001100010001100000000000000000000010000100001000
110000010000011000000000000000001100000100000110
000000010000000000000000000000000000011100000000
000000000000000000000000000000000000000000000000