toueki domari
000000010000000000000000000000000000000100000000
010000010000100001111110111111000000000100000000
001000010000100001001000100001000000000100000000
000100010001000001111110100001000000000100000000
000100010010000001001000100001000010000100000000
000000010000000001111110100001000010000100000000
011111111111110001001000111111000010000111111100
000000000000010001001000100100000010000100000000
000000000000010001111110100100000010000100000000
000000000000010000000010100100000010000100000000
011111111111110010101010100010000010000100000000
000000000000010010101010100010000010000100000000
000000000000010010000101000001000010000100000000
000000000000010000000101000001000010000100000000
011111111111110000011010000000101111111111111110
000000000000000000000000000000000000000000000000