toyama
000000010000000000000000000000000000000000000000
000000010000000000000000000000000000001000000000
111111111111111000000000000000000000001000000000
100000000000001000000000000000000000001000000000
100111111111001000000000000000001000001000001000
000000000000000000000000000000001000001000001000
000111111111000000000000000000001000001000001000
000100000001000000000000000000001000001000001000
000111111111000000000000000000001000001000001000
000000000000000000000000000000001000001000001000
001111111111100000000000000000001000001000001000
001000000000100000000000000000001000001000001000
001111111111100000000000000000001000001000001000
001000000000100000000000000000001111111111111000
001111111111100000000000000000000000000000000000
000000000000000000000000000000000000000000000000