tsuruga
000100000010000000000000000000000001000000000000
000100000010000000000000000000001111111001111100
111111110010000000000000000000000001001001000100
000000000111111000000000000000000010001001000100
011111100100010000000000000000000100110001111100
010000101100010000000000000000001000000000000000
010000110100010000000000000000000011111111111000
011111100100010000000000000000000010000000001000
000000000010100000000000000000000011111111111000
011111000010100000000000000000000010000000001000
000010000010100000000000000000000011111111111000
000100110001000000000000000000000010000000001000
111111000010100000000000000000000011111111111000
000100000100010000000000000000000001100000110000
011100011000001000000000000000001110000000001110
000000000000000000000000000000000000000000000000