0000000000000000
0000020000000000
0000022000000000
0000020200000220
0000020020022200
0000020002200200
0000220000002000
0022000000020000
2200000000200000
0022000000020000
0000220000002000
0000020002200200
0000020020022200
0000020200000220
0000022000000000
0000020000000000
0000000000000000
0000020000000000
0000022000000000
0000020200000220
0000020020022200
0000020002200200
0000220000002000
0022000000020000
2200000000200000
0022000000020000
0000220000002000
0000020002200200
0000020020022200
0000020200000220
0000022000000000
0000020000000000
0000000000000000
0000020000000000
0000022000000000
0000020200000220
0000020020022200
0000020002200200
0000220000002000
0022000000020000
2200000000200000
0022000000020000
0000220000002000
0000020002200200
0000020020022200
0000020200000220
0000022000000000
0000020000000000
0000000000000000
0001000000010000
0001000000010000
0001000000100000
0001000001000000
0001000010010000
0001001100010000
0001010000010000
1111111111111110
0001010000010000
0001001100010000
0001000010010000
0001000001000000
0001000000100000
0001000000010000
0001000000010000
0000000000000000
0000000000000000
0000000000000000
0111111111111110
0100000100000010
0100000100000010
0100000100000010
0100000100000010
0100000100000010
0100000100000010
0100000100000010
0100000100000010
0111111111111110
0000000000000000
0000000000000000
0000000000000000
0000000000000000
0000000111100000
0000011000010000
0000100000001000
0001000000001000
0001000000110000
0010000111000000
0011111000000000
0010000000000000
0010000000000100
0010000000000100
0001000000001000
0001000000001000
0000110000110000
0000001111000000
0000000000000000
0000000000000000
0000000100000010
1000000100000100
0100000111111000
0010000000000100
0000000000000100
0110000000010010
0101011111010010
0101010101010010
0101010101010010
0111111111111110
0101010101010010
0101010101010010
0101010101010010
0101011111010010
0110000000010010
0000000000000000
0010111110010000
0010101010010000
1111111111111110
0010101010010000
0010101010010000
0010111110010000
0000000000000010
0000001000000010
0100001000001110
0100001001110010
0100001110000100
0100001000000100
0100001000100100
0100001000011000
0000001000000110
0000000000000000
0000000000000000
0001111111110000
0110000000001100
0000000000010000
0000000000000000
0010000000011000
0010000000100100
0010000000100100
0010000000100100
0010000000100100
0111111111111000
0010000000010000
0010000000001000
0000000000000000
0000000000000000
0000000000000000
0001000010111000
0010100110000000
1100011011111110
0000100010000000
0011000010110000
0000000000000000
0000010001000000
0000100001000000
0011000010001000
1110100101001000
0010011001001000
0010011000100100
0010100100100100
0011000010000010
0000000001000000
0000000000000000
0000000000000000
0100000000000000
0100000000000000
0100000000000000
0100000000000000
0100000000000010
0100000000000010
0100011111111110
0100010000000000
0100100000000000
0100100000000000
0101000000000000
0110000000000000
0100000000000000
0000000000000000
0000000000000000
0000000000000000
0000000000000000
0111111111110000
0000000000001000
0000000000000100
0000000000000100
0000000000000100
0000000000000100
0000000000001000
0000000000001000
0000000000010000
0000000000100000
0000000001000000
0000000000000000
0000000000000000
0000000000000000
0000000000000000
0010000000000000
0010001000011000
0010001000100100
0010001000100100
0010001000100100
0010001000100100
0010001000100100
1111111111111000
0010001000010000
0010001000001000
0010001000001000
0010000000000100
0000000000000000
0000000000000000
0000000000000000
0000000000000000
0000000000000000
0111111111110000
0000000000001000
0000000000000100
0000000000000100
0000000000000100
0000000000000100
0000000000001000
0000000000001000
0000000000010000
0000000000100000
0000000001000000
0000000000000000
0000000000000000
0000000000000000
0000000000000000
0001000000011100
0001000111100000
0001111000000000
1111000000000000
0010000000000000
0010000000000000
0010000000111000
0000010000000100
0000010000000100
0000010000000100
0000010000000100
0000010000000100
0000000000000100
0000000000000000
0000000000000000
0000020000000000
0000022000000000
0000020200000220
0000020020022200
0000020002200200
0000220000002000
0022000000020000
2200000000200000
0022000000020000
0000220000002000
0000020002200200
0000020020022200
0000020200000220
0000022000000000
0000020000000000
0000000000000000
0000020000000000
0000022000000000
0000020200000220
0000020020022200
0000020002200200
0000220000002000
0022000000020000
2200000000200000
0022000000020000
0000220000002000
0000020002200200
0000020020022200
0000020200000220
0000022000000000
0000020000000000
0000000000000000
0000020000000000
0000022000000000
0000020200000220
0000020020022200
0000020002200200
0000220000002000
0022000000020000
2200000000200000
0022000000020000
0000220000002000
0000020002200200
0000020020022200
0000020200000220
0000022000000000
0000020000000000
0000000000000000
0000000000000000
0000000000000000
0000000000000000
0000000000000000
0000000000000000
0000000000000000
0000000000000000
0000000000000000
0000000000000000
0000000000000000
0000000000000000
0000000000000000
0000000000000000
0000000000000000
0000000000000000
0000000000000000
0000000000000000
0000000000000000
0000000000000000
0000000000000000
0000000000000000
0000000000000000
0000000000000000
0000000000000000
0000000000000000
0000000000000000
0000000000000000
0000000000000000
0000000000000000
0000000000000000
0000000000000000